
























































































































































































































































































































315 318 332 269 280
314 316
317 315
316 318
314 317 319
318 320
319 321
320 322
321 323
324 330
323 325
324 326
325
-
330
-
323 328 331
330 332
314 331
334 350
333 335
334 336


































